0 [(10, 377.0, 0), (16, 669.0, 0)]
1 [(10, 681.0, 0), (16, 980.0, 0)]
2 [(10, 715.0, 0), (16, 968.0, 0)]
3 [(10, 763.0, 0), (16, 1016.0, 0)]
4 [(16, 942.0, 1), (10, 1334.0, 1)]
5 [(16, 1207.0, 1), (10, 1645.0, 1)]
6 [(10, 1702.0, 0), (16, 1946.0, 0)]
7 [(16, 1331.0, 1), (10, 1702.0, 1)]
8 [(16, 1405.0, 1), (10, 1842.0, 1)]
9 [(16, 1744.0, 1), (10, 2173.0, 1)]
10 [(16, 1803.0, 1), (10, 2205.0, 1)]
11 [(16, 1818.0, 1), (10, 2252.0, 1)]
12 [(16, 2189.0, 1), (10, 2628.0, 1)]
13 [(10, 2704.0, 1), (16, 2970.0, 0)]
14 [(10, 2753.0, 0), (16, 3097.0, 0)]
15 [(10, 2886.0, 0), (16, 3270.0, 0)]
16 [(10, 3153.0, 0), (16, 3507.0, 0)]
17 [(10, 3293.0, 0), (16, 3647.0, 0)]
18 [(10, 3327.0, 0), (16, 3684.0, 0)]
19 [(10, 3358.0, 0), (16, 3684.0, 0)]
20 [(16, 2957.0, 1), (10, 3411.0, 1)]
21 [(16, 3594.0, 1), (10, 4046.0, 1)]
22 [(16, 3620.0, 1), (10, 4067.0, 1)]
23 [(16, 311.0, 1), (17, 498.0, 0)]
24 [(16, 328.0, 1), (17, 1455.0, 0), (18, 1524.0, 1), (20, 1566.0, 1), (21, 1589.0, 1), (22, 1897.0, 0), (23, 2077.0, 0), (25, 2093.0, 0)]
25 [(16, 353.0, 1), (17, 570.0, 0)]
26 [(16, 480.0, 1), (17, 695.0, 0), (18, 769.0, 1), (20, 811.0, 1), (21, 833.0, 1), (22, 1152.0, 0), (25, 1189.0, 0), (23, 1195.0, 0)]
27 [(21, 133.0, 0), (20, 169.0, 0), (18, 173.0, 0), (17, 264.0, 1), (16, 496.0, 0)]
28 [(21, 222.0, 0), (20, 262.0, 0), (18, 263.0, 0), (17, 357.0, 1), (16, 630.0, 0)]
29 [(25, 11.0, 1), (23, 73.0, 1), (22, 77.0, 1), (21, 381.0, 0), (20, 419.0, 0), (18, 424.0, 0), (17, 506.0, 1), (16, 789.0, 0)]
30 [(25, 43.0, 1), (23, 105.0, 1), (22, 117.0, 1), (21, 405.0, 0), (20, 443.0, 0), (18, 445.0, 0), (17, 537.0, 1), (16, 823.0, 0)]
31 [(25, 120.0, 1), (23, 178.0, 1), (22, 188.0, 1), (21, 444.0, 0), (18, 482.0, 0), (20, 483.0, 0), (17, 563.0, 1), (16, 823.0, 0)]
32 [(21, 624.0, 1), (18, 635.0, 1), (20, 676.0, 1), (16, 874.0, 1), (22, 984.0, 0), (23, 1032.0, 0), (25, 1035.0, 0), (17, 1071.0, 0)]
33 [(23, 304.0, 1), (22, 319.0, 1), (21, 581.0, 0), (18, 615.0, 0), (20, 615.0, 0), (17, 684.0, 1), (16, 876.0, 0)]
34 [(16, 942.0, 1), (17, 1129.0, 0), (18, 1195.0, 1), (20, 1238.0, 1), (21, 1257.0, 1), (22, 1541.0, 0), (25, 1576.0, 0), (23, 1583.0, 0)]
35 [(16, 991.0, 1), (17, 1187.0, 0), (18, 1254.0, 1), (20, 1297.0, 1), (21, 1318.0, 1), (22, 1613.0, 0), (25, 1645.0, 0), (23, 1653.0, 0)]
36 [(16, 1020.0, 1), (17, 1253.0, 0), (18, 1323.0, 1), (20, 1366.0, 1), (21, 1393.0, 1), (22, 1700.0, 0), (25, 1731.0, 0), (23, 1740.0, 0)]
37 [(16, 1059.0, 1), (17, 1274.0, 0), (18, 1344.0, 1), (20, 1389.0, 1), (21, 1408.0, 1), (22, 1731.0, 0), (25, 1765.0, 0), (23, 1772.0, 0)]
38 [(16, 1080.0, 1), (17, 1296.0, 0), (18, 1369.0, 1), (20, 1415.0, 1), (21, 1441.0, 1), (22, 1754.0, 0), (25, 1793.0, 0), (23, 1797.0, 0)]
39 [(16, 1499.0, 1), (17, 1728.0, 0), (18, 1803.0, 1), (20, 1850.0, 1), (21, 1877.0, 1), (22, 2191.0, 0), (25, 2224.0, 0), (23, 2232.0, 0)]
40 [(16, 1618.0, 1), (17, 1810.0, 0), (18, 1874.0, 1), (20, 1916.0, 1), (21, 1935.0, 1), (22, 2208.0, 0), (25, 2243.0, 0), (23, 2249.0, 0)]
41 [(16, 1680.0, 1), (17, 1925.0, 0), (18, 1989.0, 1), (20, 2034.0, 1), (21, 2059.0, 1), (22, 2313.0, 0), (25, 2341.0, 0), (23, 2350.0, 0)]
42 [(25, 1021.0, 1), (23, 1079.0, 1), (22, 1083.0, 1), (21, 1375.0, 0), (20, 1411.0, 0), (18, 1412.0, 0), (17, 1499.0, 1), (16, 1731.0, 0)]
43 [(25, 1488.0, 1), (23, 1542.0, 1), (22, 1546.0, 1), (21, 1797.0, 0), (18, 1826.0, 0), (20, 1831.0, 0), (17, 1894.0, 1), (16, 2109.0, 0)]
44 [(16, 2145.0, 1), (17, 2362.0, 0), (18, 2429.0, 1), (20, 2469.0, 1), (21, 2490.0, 1), (22, 2759.0, 0), (25, 2788.0, 0), (23, 2800.0, 0)]
45 [(16, 2189.0, 1), (17, 2419.0, 0), (18, 2491.0, 1), (20, 2543.0, 1), (21, 2564.0, 1), (22, 2830.0, 0), (25, 2858.0, 0), (23, 2873.0, 0)]
46 [(16, 2247.0, 1), (17, 2438.0, 0), (18, 2509.0, 1), (20, 2554.0, 1), (21, 2578.0, 1), (22, 2850.0, 0), (25, 2877.0, 0), (23, 2887.0, 0)]
47 [(16, 2266.0, 1), (17, 2474.0, 0), (18, 2540.0, 1), (20, 2585.0, 1), (21, 2605.0, 1), (22, 2896.0, 0), (25, 2928.0, 0), (23, 2936.0, 0)]
48 [(16, 2319.0, 1), (17, 2507.0, 0), (18, 2570.0, 1), (20, 2613.0, 1), (21, 2630.0, 1), (22, 2924.0, 0), (25, 2958.0, 0), (23, 2965.0, 0)]
49 [(16, 2352.0, 1), (17, 2576.0, 0), (18, 2643.0, 1), (20, 2682.0, 1), (21, 2702.0, 1), (22, 2955.0, 0), (25, 2988.0, 0), (23, 2996.0, 0)]
50 [(16, 2400.0, 1), (17, 2602.0, 0), (18, 2678.0, 1), (20, 2720.0, 1), (21, 2742.0, 1), (22, 3003.0, 0), (25, 3031.0, 0), (23, 3041.0, 0)]
51 [(16, 2686.0, 1), (17, 2872.0, 0), (18, 2933.0, 1), (20, 2978.0, 1), (21, 2993.0, 1), (22, 3241.0, 0), (25, 3268.0, 0), (23, 3278.0, 0)]
52 [(16, 2693.0, 1), (17, 2889.0, 0), (18, 2952.0, 1), (20, 2992.0, 1), (21, 3008.0, 1), (22, 3292.0, 0), (25, 3324.0, 0), (23, 3333.0, 0)]
53 [(16, 2746.0, 1), (17, 2946.0, 0), (18, 3015.0, 1), (20, 3058.0, 1), (21, 3077.0, 1), (22, 3355.0, 0), (25, 3387.0, 0), (23, 3398.0, 0)]
54 [(25, 2042.0, 1), (23, 2118.0, 1), (22, 2132.0, 1), (21, 2452.0, 0), (20, 2487.0, 0), (18, 2488.0, 0), (17, 2586.0, 1), (16, 2836.0, 0)]
55 [(16, 2853.0, 1), (17, 3050.0, 0), (18, 3114.0, 1), (20, 3158.0, 1), (21, 3177.0, 1), (22, 3463.0, 0), (25, 3491.0, 0), (23, 3502.0, 0)]
56 [(16, 2864.0, 1), (17, 3064.0, 0), (18, 3128.0, 1), (20, 3172.0, 1), (21, 3193.0, 1), (22, 3480.0, 0), (25, 3507.0, 0), (23, 3519.0, 0)]
57 [(16, 2873.0, 1), (17, 3085.0, 0), (18, 3152.0, 1), (20, 3197.0, 1), (21, 3219.0, 1), (22, 3507.0, 0), (25, 3536.0, 0), (23, 3546.0, 0)]
58 [(16, 3153.0, 1), (17, 3386.0, 0)]
59 [(16, 3279.0, 1), (17, 3457.0, 0), (18, 3513.0, 1), (20, 3550.0, 1), (21, 3567.0, 1), (22, 3820.0, 0), (25, 3848.0, 0), (23, 3858.0, 0)]
60 [(25, 2453.0, 1), (23, 2619.0, 1), (22, 2630.0, 1), (21, 2919.0, 0), (18, 2957.0, 0), (20, 2958.0, 0), (17, 3041.0, 1), (16, 3297.0, 0)]
61 [(16, 3317.0, 1), (17, 3522.0, 0), (18, 3581.0, 1), (20, 3625.0, 1), (21, 3642.0, 1), (22, 3914.0, 0), (25, 3945.0, 0), (23, 3955.0, 0)]
62 [(25, 2740.0, 1), (23, 2798.0, 1), (22, 2802.0, 1), (21, 3069.0, 0), (18, 3101.0, 0), (20, 3105.0, 0), (17, 3180.0, 1), (16, 3377.0, 0)]
63 [(16, 3489.0, 1), (17, 3698.0, 0), (18, 3766.0, 1), (20, 3812.0, 1), (21, 3831.0, 1), (22, 4125.0, 0), (25, 4156.0, 0), (23, 4165.0, 0)]
64 [(16, 3495.0, 1), (17, 3717.0, 0), (18, 3786.0, 1), (20, 3830.0, 1), (21, 3849.0, 1), (22, 4149.0, 0), (25, 4179.0, 0), (23, 4187.0, 0)]
65 [(25, 2808.0, 1), (23, 2870.0, 1), (22, 2875.0, 1), (21, 3149.0, 0), (18, 3183.0, 0), (20, 3185.0, 0), (17, 3267.0, 1), (16, 3530.0, 0)]
66 [(16, 3555.0, 1), (17, 3756.0, 0), (18, 3816.0, 1), (20, 3856.0, 1), (21, 3871.0, 1), (22, 4177.0, 0), (23, 4220.0, 0)]
67 [(16, 3585.0, 1), (17, 3781.0, 0), (18, 3837.0, 1), (20, 3878.0, 1), (21, 3892.0, 1), (22, 4206.0, 0), (25, 4239.0, 0), (23, 4247.0, 0)]
68 [(25, 3198.0, 1), (23, 3255.0, 1), (22, 3258.0, 1), (21, 3525.0, 0), (18, 3558.0, 0), (20, 3561.0, 0), (17, 3636.0, 1), (16, 3875.0, 0)]
69 [(17, 17.0, 0), (18, 84.0, 1), (20, 128.0, 1), (21, 151.0, 1), (22, 476.0, 0), (23, 529.0, 0), (25, 529.0, 0)]
70 [(17, 186.0, 0), (18, 252.0, 1), (20, 294.0, 1), (21, 317.0, 1)]
71 [(17, 208.0, 0), (18, 275.0, 1), (20, 316.0, 1), (21, 337.0, 1)]
72 [(25, 968.0, 1), (23, 1028.0, 1), (22, 1033.0, 1), (21, 1308.0, 0), (20, 1342.0, 0), (18, 1344.0, 0), (17, 1421.0, 1)]
73 [(17, 2338.0, 0), (18, 2402.0, 1), (20, 2446.0, 1), (21, 2461.0, 1), (22, 2719.0, 0), (25, 2747.0, 0), (23, 2758.0, 0)]
74 [(25, 2317.0, 1), (23, 2375.0, 1), (22, 2377.0, 1), (21, 2656.0, 0), (18, 2692.0, 0), (20, 2695.0, 0), (17, 2774.0, 1)]
75 [(25, 3092.0, 1), (23, 3148.0, 1), (22, 3149.0, 1), (21, 3421.0, 0), (20, 3459.0, 0), (17, 3535.0, 1)]
76 [(17, 3548.0, 0), (18, 3613.0, 1), (20, 3655.0, 1), (21, 3676.0, 1), (22, 3950.0, 0), (25, 3981.0, 0), (23, 3990.0, 0)]
77 [(25, 3277.0, 1), (23, 3341.0, 1), (22, 3343.0, 1), (21, 3638.0, 0), (18, 3674.0, 0), (20, 3675.0, 0), (17, 3756.0, 1)]
78 [(18, 6.0, 1), (20, 52.0, 1), (21, 76.0, 1), (22, 383.0, 0), (23, 454.0, 0), (25, 473.0, 0)]
79 [(18, 22.0, 1), (20, 64.0, 1), (21, 96.0, 1), (22, 424.0, 0), (23, 485.0, 0), (25, 489.0, 0)]
80 [(18, 44.0, 1), (20, 87.0, 1), (21, 109.0, 1), (22, 445.0, 0), (23, 506.0, 0), (25, 511.0, 0)]
81 [(18, 2659.0, 1), (20, 2700.0, 1), (21, 2715.0, 1), (22, 2970.0, 0), (25, 2997.0, 0), (23, 3010.0, 0)]
82 [(18, 1143.0, 1), (20, 1186.0, 1), (21, 1207.0, 1), (22, 1512.0, 0), (25, 1548.0, 0), (23, 1553.0, 0)]
83 [(20, 370.0, 1), (21, 399.0, 1), (22, 756.0, 0), (23, 808.0, 0), (25, 953.0, 0)]
84 [(21, 2299.0, 0), (20, 2348.0, 0)]
85 [(20, 3099.0, 1), (21, 3130.0, 1)]
86 [(22, 85.0, 0), (23, 138.0, 0)]
87 [(25, 199.0, 1), (23, 257.0, 1), (22, 270.0, 1)]
88 [(25, 529.0, 1), (23, 585.0, 1), (22, 586.0, 1)]
89 [(22, 811.0, 0), (23, 916.0, 0), (25, 987.0, 0)]
90 [(22, 1033.0, 0), (25, 1074.0, 0), (23, 1076.0, 0)]
91 [(25, 1098.0, 1), (23, 1158.0, 1), (22, 1165.0, 1)]
92 [(22, 1197.0, 0), (25, 1232.0, 0), (23, 1239.0, 0)]
93 [(22, 1249.0, 0), (25, 1288.0, 0), (23, 1291.0, 0)]
94 [(22, 1275.0, 0), (25, 1319.0, 0), (23, 1320.0, 0)]
95 [(22, 1822.0, 0), (23, 1880.0, 0), (25, 2064.0, 0)]
96 [(23, 1963.0, 1), (22, 1977.0, 1)]
97 [(22, 2029.0, 0), (23, 2105.0, 0), (25, 2117.0, 0)]
98 [(23, 2161.0, 1), (22, 2166.0, 1)]
99 [(22, 2245.0, 0), (25, 2275.0, 0), (23, 2284.0, 0)]
100 [(22, 2425.0, 0), (23, 2485.0, 0), (25, 2562.0, 0)]
101 [(22, 2661.0, 0), (25, 2704.0, 0), (23, 2705.0, 0)]
102 [(22, 3122.0, 0), (25, 3161.0, 0), (23, 3165.0, 0)]
103 [(22, 3656.0, 0), (25, 3692.0, 0), (23, 3697.0, 0)]
104 [(25, 3768.0, 1), (23, 3836.0, 1), (22, 3847.0, 1)]
105 [(25, 3834.0, 1), (23, 3892.0, 1), (22, 3900.0, 1)]
106 [(25, 3876.0, 1), (23, 3934.0, 1), (22, 3937.0, 1)]
107 [(25, 4086.0, 1), (23, 4146.0, 1), (22, 4149.0, 1)]
108 [(25, 4110.0, 1), (23, 4169.0, 1), (22, 4175.0, 1)]
109 [(25, 4140.0, 1), (23, 4201.0, 1), (22, 4213.0, 1)]
110 [(19, 60.0, 0), (24, 522.0, 1), (26, 544.0, 1)]
111 [(19, 77.0, 0), (24, 538.0, 1), (26, 563.0, 1)]
112 [(19, 98.0, 0), (24, 561.0, 1), (26, 586.0, 1)]
113 [(19, 140.0, 0), (24, 580.0, 1), (26, 608.0, 1)]
114 [(19, 360.0, 0), (24, 1000.0, 1), (26, 1048.0, 1)]
115 [(24, 89.0, 0), (19, 453.0, 1)]
116 [(24, 120.0, 0), (19, 479.0, 1)]
117 [(26, 68.0, 0), (24, 195.0, 0), (19, 517.0, 1)]
118 [(19, 621.0, 0), (24, 1053.0, 1), (26, 1115.0, 1)]
119 [(19, 691.0, 0), (24, 1084.0, 1), (26, 1140.0, 1)]
120 [(19, 825.0, 0), (24, 1126.0, 1), (26, 1162.0, 1)]
121 [(19, 1200.0, 0), (24, 1602.0, 1), (26, 1613.0, 1)]
122 [(19, 1251.0, 0), (24, 1630.0, 1), (26, 1639.0, 1)]
123 [(19, 1311.0, 0), (24, 1699.0, 1), (26, 1703.0, 1)]
124 [(26, 399.0, 0), (24, 547.0, 0), (19, 1377.0, 1)]
125 [(19, 1380.0, 0), (24, 1786.0, 1), (26, 1799.0, 1)]
126 [(19, 1402.0, 0), (24, 1821.0, 1), (26, 1837.0, 1)]
127 [(19, 1428.0, 0), (24, 1845.0, 1), (26, 1858.0, 1)]
128 [(26, 966.0, 0), (24, 1097.0, 0), (19, 1446.0, 1)]
129 [(19, 1579.0, 0), (24, 2141.0, 1), (26, 2168.0, 1)]
130 [(19, 1862.0, 0), (24, 2276.0, 1), (26, 2284.0, 1)]
131 [(26, 1431.0, 0), (24, 1560.0, 0), (19, 1864.0, 1)]
132 [(19, 1929.0, 0), (24, 2296.0, 1), (26, 2305.0, 1)]
133 [(19, 2047.0, 0), (24, 2398.0, 1), (26, 2400.0, 1)]
134 [(19, 2459.0, 0), (24, 2804.0, 1), (26, 2810.0, 1)]
135 [(19, 2485.0, 0), (24, 2846.0, 1), (26, 2851.0, 1)]
136 [(26, 1852.0, 0), (24, 2126.0, 0), (19, 2524.0, 1)]
137 [(19, 2551.0, 0), (26, 2907.0, 1), (24, 2913.0, 1)]
138 [(19, 2567.0, 0), (26, 2932.0, 1), (24, 2934.0, 1)]
139 [(19, 2625.0, 0), (24, 3012.0, 1), (26, 3023.0, 1)]
140 [(19, 2701.0, 0), (24, 3040.0, 1), (26, 3046.0, 1)]
141 [(19, 2715.0, 0), (24, 3054.0, 1), (26, 3060.0, 1)]
142 [(26, 2259.0, 0), (24, 2390.0, 0), (19, 2728.0, 1)]
143 [(19, 2735.0, 0), (24, 3087.0, 1), (26, 3090.0, 1)]
144 [(19, 2989.0, 0), (26, 3316.0, 1), (24, 3324.0, 1)]
145 [(26, 2305.0, 0), (24, 2630.0, 0), (19, 2994.0, 1)]
146 [(19, 3008.0, 0), (24, 3380.0, 1), (26, 3386.0, 1)]
147 [(19, 3072.0, 0), (24, 3443.0, 1), (26, 3447.0, 1)]
148 [(26, 2686.0, 0), (24, 2816.0, 0), (19, 3139.0, 1)]
149 [(19, 3171.0, 0), (24, 3548.0, 1), (26, 3549.0, 1)]
150 [(19, 3186.0, 0), (24, 3564.0, 1), (26, 3565.0, 1)]
151 [(19, 3210.0, 0), (24, 3592.0, 1), (26, 3594.0, 1)]
152 [(26, 2746.0, 0), (24, 2885.0, 0), (19, 3220.0, 1)]
153 [(26, 3044.0, 0), (24, 3167.0, 0), (19, 3492.0, 1)]
154 [(19, 3568.0, 0), (26, 3903.0, 1), (24, 3904.0, 1)]
155 [(26, 3145.0, 0), (24, 3273.0, 0), (19, 3595.0, 1)]
156 [(19, 3638.0, 0), (24, 4000.0, 1), (26, 4007.0, 1)]
157 [(19, 3669.0, 0), (24, 4036.0, 1), (26, 4038.0, 1)]
158 [(26, 3214.0, 0), (24, 3355.0, 0), (19, 3710.0, 1)]
159 [(19, 3825.0, 0), (24, 4212.0, 1)]
160 [(19, 3843.0, 0), (24, 4234.0, 1)]
161 [(19, 3870.0, 0), (24, 4274.0, 1)]
162 [(19, 3892.0, 0), (24, 4295.0, 1)]
163 [(26, 142.0, 0), (24, 275.0, 0)]
164 [(26, 353.0, 0), (24, 507.0, 0)]
165 [(26, 479.0, 0), (24, 604.0, 0)]
166 [(24, 1033.0, 1), (26, 1092.0, 1)]
167 [(26, 905.0, 0), (24, 1045.0, 0)]
168 [(26, 1043.0, 0), (24, 1174.0, 0)]
169 [(24, 1242.0, 1), (26, 1264.0, 1)]
170 [(24, 1285.0, 1), (26, 1311.0, 1)]
171 [(24, 1339.0, 1), (26, 1366.0, 1)]
172 [(24, 1369.0, 1), (26, 1390.0, 1)]
173 [(24, 2111.0, 1), (26, 2139.0, 1)]
174 [(24, 2165.0, 1), (26, 2197.0, 1)]
175 [(24, 2330.0, 1), (26, 2333.0, 1)]
176 [(24, 2608.0, 1), (26, 2638.0, 1)]
177 [(24, 2756.0, 1), (26, 2783.0, 1)]
178 [(24, 3214.0, 1), (26, 3234.0, 1)]
179 [(24, 3746.0, 1), (26, 3783.0, 1)]
180 [(26, 3705.0, 0), (24, 3848.0, 0)]
181 [(26, 3775.0, 0), (24, 3909.0, 0)]
182 [(26, 3819.0, 0), (24, 3952.0, 0)]
183 [(26, 4024.0, 0), (24, 4164.0, 0)]
184 [(26, 4051.0, 0), (24, 4185.0, 0)]
185 [(26, 4087.0, 0), (24, 4217.0, 0)]
186 [(19, 60.0, 0), (24, 522.0, 1)]
187 [(19, 77.0, 0), (24, 538.0, 1), (27, 1022.0, 0)]
188 [(19, 98.0, 0), (24, 561.0, 1), (27, 1068.0, 0)]
189 [(19, 140.0, 0), (24, 580.0, 1), (27, 1108.0, 0)]
190 [(24, 89.0, 0), (19, 453.0, 1)]
191 [(24, 120.0, 0), (19, 479.0, 1)]
192 [(24, 195.0, 0), (19, 517.0, 1)]
193 [(19, 621.0, 0), (24, 1053.0, 1), (27, 1538.0, 0)]
194 [(19, 691.0, 0), (24, 1084.0, 1)]
195 [(19, 825.0, 0), (24, 1126.0, 1), (27, 1597.0, 0)]
196 [(19, 1200.0, 0), (24, 1602.0, 1)]
197 [(19, 1251.0, 0), (24, 1630.0, 1), (27, 2052.0, 0)]
198 [(19, 1311.0, 0), (24, 1699.0, 1)]
199 [(19, 1380.0, 0), (24, 1786.0, 1), (27, 2270.0, 0)]
200 [(19, 1402.0, 0), (24, 1821.0, 1), (27, 2337.0, 0)]
201 [(19, 1428.0, 0), (24, 1845.0, 1), (27, 2408.0, 0)]
202 [(27, 629.0, 1), (24, 1097.0, 0), (19, 1446.0, 1)]
203 [(19, 1579.0, 0), (24, 2141.0, 1), (27, 2766.0, 0)]
204 [(19, 1862.0, 0), (24, 2276.0, 1), (27, 2968.0, 0)]
205 [(24, 1560.0, 0), (19, 1864.0, 1)]
206 [(19, 1929.0, 0), (24, 2296.0, 1)]
207 [(19, 2047.0, 0), (24, 2398.0, 1)]
208 [(19, 2459.0, 0), (24, 2804.0, 1), (27, 3245.0, 0)]
209 [(19, 2485.0, 0), (24, 2846.0, 1), (27, 3347.0, 0)]
210 [(27, 1468.0, 1), (24, 2126.0, 0), (19, 2524.0, 1)]
211 [(19, 2551.0, 0), (24, 2913.0, 1), (27, 3374.0, 0)]
212 [(19, 2567.0, 0), (24, 2934.0, 1), (27, 3473.0, 0)]
213 [(19, 2598.0, 0), (24, 2983.0, 1), (27, 3568.0, 0)]
214 [(19, 2625.0, 0), (24, 3012.0, 1), (27, 3648.0, 0)]
215 [(19, 2701.0, 0), (24, 3040.0, 1)]
216 [(19, 2715.0, 0), (24, 3054.0, 1), (27, 3731.0, 0)]
217 [(19, 2735.0, 0), (24, 3087.0, 1), (27, 3809.0, 0)]
218 [(27, 1876.0, 1), (24, 2630.0, 0), (19, 2994.0, 1)]
219 [(19, 3072.0, 0), (24, 3443.0, 1)]
220 [(24, 2816.0, 0), (19, 3139.0, 1)]
221 [(19, 3171.0, 0), (24, 3548.0, 1)]
222 [(19, 3186.0, 0), (24, 3564.0, 1)]
223 [(19, 3210.0, 0), (24, 3592.0, 1)]
224 [(27, 2368.0, 1), (24, 2885.0, 0), (19, 3220.0, 1)]
225 [(19, 3568.0, 0), (24, 3904.0, 1)]
226 [(24, 3273.0, 0), (19, 3595.0, 1)]
227 [(19, 3638.0, 0), (24, 4000.0, 1)]
228 [(19, 3669.0, 0), (24, 4036.0, 1)]
229 [(24, 3355.0, 0), (19, 3710.0, 1)]
230 [(19, 3825.0, 0), (24, 4212.0, 1)]
231 [(19, 3843.0, 0), (24, 4234.0, 1)]
232 [(19, 3870.0, 0), (24, 4274.0, 1)]
233 [(19, 3892.0, 0), (24, 4295.0, 1)]
234 [(27, 117.0, 1), (24, 604.0, 0)]
235 [(27, 563.0, 1), (24, 1045.0, 0)]
236 [(24, 1339.0, 1), (27, 1851.0, 0)]
237 [(24, 2111.0, 1), (27, 2474.0, 0)]
238 [(24, 2165.0, 1), (27, 2834.0, 0)]
239 [(24, 2330.0, 1), (27, 3058.0, 0)]
240 [(24, 2608.0, 1), (27, 3171.0, 0)]
241 [(27, 3350.0, 1), (24, 3848.0, 0)]
242 [(27, 3573.0, 1), (24, 4164.0, 0)]
243 [(27, 3719.0, 1), (24, 4185.0, 0)]
244 [(27, 3760.0, 1), (24, 4217.0, 0)]
245 [(29, 91.0, 0), (33, 295.0, 0), (34, 484.0, 1)]
246 [(34, 89.0, 0), (33, 111.0, 1), (29, 269.0, 1)]
247 [(34, 130.0, 0), (33, 154.0, 1), (29, 313.0, 1)]
248 [(29, 329.0, 0), (33, 498.0, 0), (34, 704.0, 1)]
249 [(29, 353.0, 0), (33, 498.0, 0), (34, 674.0, 1)]
250 [(34, 468.0, 0), (33, 489.0, 1), (29, 629.0, 1)]
251 [(29, 693.0, 0), (33, 835.0, 0), (34, 1153.0, 1)]
252 [(34, 575.0, 0), (33, 593.0, 1), (29, 748.0, 1)]
253 [(29, 772.0, 0), (33, 936.0, 0), (34, 1153.0, 1)]
254 [(34, 600.0, 0), (33, 616.0, 1), (29, 770.0, 1)]
255 [(29, 801.0, 0), (33, 967.0, 0), (34, 1214.0, 1)]
256 [(29, 849.0, 0), (33, 1000.0, 0), (34, 1274.0, 1)]
257 [(34, 674.0, 0), (33, 693.0, 1), (29, 843.0, 1)]
258 [(29, 916.0, 0), (33, 1035.0, 0), (34, 1124.0, 1)]
259 [(34, 728.0, 0), (33, 753.0, 1), (29, 921.0, 1)]
260 [(34, 770.0, 0), (33, 789.0, 1), (29, 951.0, 1)]
261 [(34, 827.0, 0), (33, 848.0, 1), (29, 1005.0, 1)]
262 [(29, 1065.0, 0), (33, 1252.0, 0), (34, 1399.0, 1)]
263 [(34, 896.0, 0), (33, 919.0, 1), (29, 1072.0, 1)]
264 [(29, 1117.0, 0), (33, 1277.0, 0), (34, 1453.0, 1)]
265 [(34, 1001.0, 0), (33, 1008.0, 1), (29, 1150.0, 1)]
266 [(29, 1168.0, 0), (33, 1333.0, 0), (34, 1446.0, 1)]
267 [(29, 1195.0, 0), (33, 1347.0, 0), (34, 1497.0, 1)]
268 [(29, 1289.0, 0), (33, 1447.0, 0), (34, 1564.0, 1)]
269 [(34, 1136.0, 0), (33, 1162.0, 1), (29, 1316.0, 1)]
270 [(29, 1357.0, 0), (33, 1530.0, 0), (34, 1643.0, 1)]
271 [(29, 1439.0, 0), (33, 1793.0, 0), (34, 1975.0, 1)]
272 [(34, 1246.0, 0), (33, 1272.0, 1), (29, 1446.0, 1)]
273 [(29, 1457.0, 0), (33, 1614.0, 0), (34, 1728.0, 1)]
274 [(34, 1266.0, 0), (33, 1294.0, 1), (29, 1466.0, 1)]
275 [(29, 1481.0, 0), (33, 1631.0, 0), (34, 1760.0, 1)]
276 [(29, 1509.0, 0), (33, 1817.0, 0), (34, 2032.0, 1)]
277 [(29, 1534.0, 0), (33, 1703.0, 0), (34, 1816.0, 1)]
278 [(34, 1381.0, 0), (33, 1404.0, 1), (29, 1556.0, 1)]
279 [(34, 1399.0, 0), (33, 1421.0, 1), (29, 1583.0, 1)]
280 [(29, 1635.0, 0), (33, 1793.0, 0), (34, 1910.0, 1)]
281 [(29, 1679.0, 0), (33, 1839.0, 0), (34, 1955.0, 1)]
282 [(29, 1710.0, 0), (33, 1902.0, 0), (34, 2092.0, 1)]
283 [(29, 1741.0, 0), (33, 1921.0, 0), (34, 2157.0, 1)]
284 [(29, 1762.0, 0), (33, 1954.0, 0), (34, 2231.0, 1)]
285 [(34, 1562.0, 0), (33, 1626.0, 1), (29, 1787.0, 1)]
286 [(34, 1620.0, 0), (33, 1645.0, 1), (29, 1815.0, 1)]
287 [(29, 1860.0, 0), (33, 2039.0, 0), (34, 2231.0, 1)]
288 [(33, 1688.0, 1), (29, 1850.0, 1)]
289 [(34, 1688.0, 0), (33, 1714.0, 1), (29, 1889.0, 1)]
290 [(34, 1739.0, 0), (33, 1763.0, 1), (29, 1922.0, 1)]
291 [(29, 1989.0, 0), (33, 2163.0, 0), (34, 2333.0, 1)]
292 [(34, 1900.0, 0), (33, 1916.0, 1), (29, 2062.0, 1)]
293 [(29, 2145.0, 0), (33, 2317.0, 0), (34, 2432.0, 1)]
294 [(29, 2159.0, 0), (33, 2328.0, 0), (34, 2432.0, 1)]
295 [(29, 2180.0, 0), (33, 2345.0, 0), (34, 2518.0, 1)]
296 [(29, 2209.0, 0), (33, 2370.0, 0), (34, 2580.0, 1)]
297 [(29, 2255.0, 0), (33, 2426.0, 0)]
298 [(29, 2289.0, 0), (33, 2455.0, 0), (34, 2580.0, 1)]
299 [(29, 2329.0, 0), (33, 2464.0, 0), (34, 2635.0, 1)]
300 [(34, 2121.0, 0), (33, 2152.0, 1), (29, 2325.0, 1)]
301 [(29, 2409.0, 0), (33, 2607.0, 0), (34, 2796.0, 1)]
302 [(33, 2220.0, 1), (29, 2398.0, 1)]
303 [(34, 2227.0, 0), (33, 2258.0, 1), (29, 2426.0, 1)]
304 [(29, 2486.0, 0), (33, 2661.0, 0), (34, 2790.0, 1)]
305 [(34, 2309.0, 0), (33, 2335.0, 1), (29, 2528.0, 1)]
306 [(29, 2574.0, 0), (33, 2762.0, 0), (34, 2955.0, 1)]
307 [(29, 2597.0, 0), (33, 2768.0, 0), (34, 2896.0, 1)]
308 [(34, 2410.0, 0), (33, 2440.0, 1), (29, 2600.0, 1)]
309 [(29, 2628.0, 0), (33, 2783.0, 0), (34, 2955.0, 1)]
310 [(34, 2432.0, 0), (33, 2454.0, 1), (29, 2618.0, 1)]
311 [(34, 2521.0, 0), (33, 2553.0, 1), (29, 2725.0, 1)]
312 [(34, 2625.0, 0), (33, 2651.0, 1), (29, 2823.0, 1)]
313 [(29, 2887.0, 0), (33, 3065.0, 0), (34, 3184.0, 1)]
314 [(34, 2679.0, 0), (33, 2714.0, 1), (29, 2922.0, 1)]
315 [(34, 2705.0, 0), (33, 2744.0, 1), (29, 2951.0, 1)]
316 [(29, 2973.0, 0), (33, 3130.0, 0), (34, 3234.0, 1)]
317 [(29, 3001.0, 0), (33, 3154.0, 0), (34, 3264.0, 1)]
318 [(34, 2847.0, 0), (33, 2871.0, 1), (29, 3021.0, 1)]
319 [(34, 2871.0, 0), (33, 2893.0, 1), (29, 3041.0, 1)]
320 [(29, 3188.0, 0), (33, 3340.0, 0)]
321 [(29, 3216.0, 0), (33, 3373.0, 0)]
322 [(34, 3049.0, 0), (33, 3075.0, 1), (29, 3213.0, 1)]
323 [(34, 3129.0, 0), (33, 3154.0, 1), (29, 3308.0, 1)]
324 [(34, 3142.0, 0), (33, 3166.0, 1), (29, 3321.0, 1)]
325 [(34, 3238.0, 0), (33, 3279.0, 1), (29, 3417.0, 1)]
326 [(34, 3256.0, 0), (33, 3286.0, 1), (29, 3437.0, 1)]
327 [(34, 3306.0, 0), (33, 3333.0, 1), (29, 3490.0, 1)]
328 [(34, 3325.0, 0), (33, 3350.0, 1), (29, 3502.0, 1)]
329 [(33, 240.0, 0), (34, 354.0, 1)]
330 [(33, 111.0, 0), (34, 193.0, 1)]
331 [(33, 141.0, 0), (34, 235.0, 1)]
332 [(34, 159.0, 0), (33, 184.0, 1)]
333 [(33, 274.0, 0), (34, 453.0, 1)]
334 [(33, 319.0, 0), (34, 559.0, 1)]
335 [(33, 348.0, 0), (34, 612.0, 1)]
336 [(33, 449.0, 0), (34, 559.0, 1)]
337 [(34, 505.0, 0), (33, 536.0, 1)]
338 [(33, 542.0, 0), (34, 770.0, 1)]
339 [(33, 575.0, 0), (34, 825.0, 1)]
340 [(34, 612.0, 0), (33, 647.0, 1)]
341 [(33, 702.0, 0), (34, 918.0, 1)]
342 [(34, 907.0, 0), (33, 927.0, 1)]
343 [(34, 1013.0, 0), (33, 1035.0, 1)]
344 [(33, 1088.0, 0), (34, 1246.0, 1)]
345 [(34, 1078.0, 0), (33, 1112.0, 1)]
346 [(33, 1115.0, 0), (34, 1301.0, 1)]
347 [(34, 1096.0, 0), (33, 1132.0, 1)]
348 [(34, 1296.0, 0), (33, 1328.0, 1)]
349 [(33, 1454.0, 0), (34, 1564.0, 1)]
350 [(33, 1763.0, 0), (34, 1896.0, 1)]
351 [(34, 1552.0, 0), (33, 1587.0, 1)]
352 [(34, 1559.0, 0), (33, 1575.0, 1)]
353 [(33, 1716.0, 0), (34, 1807.0, 1)]
354 [(33, 1747.0, 0), (34, 1844.0, 1)]
355 [(33, 1878.0, 0), (34, 2032.0, 1)]
356 [(34, 1921.0, 0), (33, 1944.0, 1)]
357 [(33, 1989.0, 0), (34, 2114.0, 1)]
358 [(34, 1973.0, 0), (33, 1996.0, 1)]
359 [(34, 2006.0, 0), (33, 2035.0, 1)]
360 [(34, 2051.0, 0), (33, 2071.0, 1)]
361 [(34, 2061.0, 0), (33, 2093.0, 1)]
362 [(33, 2115.0, 0), (34, 2333.0, 1)]
363 [(34, 2132.0, 0), (33, 2163.0, 1)]
364 [(34, 2153.0, 0), (33, 2182.0, 1)]
365 [(34, 2206.0, 0), (33, 2236.0, 1)]
366 [(34, 2367.0, 0), (33, 2402.0, 1)]
367 [(33, 2584.0, 0), (34, 2696.0, 1)]
368 [(33, 2584.0, 0), (34, 2727.0, 1)]
369 [(34, 2580.0, 0), (33, 2622.0, 1)]
370 [(33, 2629.0, 0), (34, 2843.0, 1)]
371 [(33, 2696.0, 0), (34, 2845.0, 1)]
372 [(34, 2765.0, 0), (33, 2797.0, 1)]
373 [(34, 2871.0, 0), (33, 2911.0, 1)]
374 [(33, 2975.0, 0), (34, 3098.0, 1)]
375 [(33, 2936.0, 0), (34, 3061.0, 1)]
376 [(34, 2945.0, 0), (33, 2975.0, 1)]
377 [(33, 2963.0, 0), (34, 3169.0, 1)]
378 [(34, 2975.0, 0), (33, 3009.0, 1)]
379 [(34, 2979.0, 0), (33, 3020.0, 1)]
380 [(34, 3070.0, 0), (33, 3098.0, 1)]
381 [(33, 3257.0, 0), (34, 3360.0, 1)]
382 [(33, 3265.0, 0), (34, 3377.0, 1)]
