41 40 1 1 224 198 128 62
41 57 1 1 225 209 118 48
41 70 1 1 229 203 127 52
41 99 1 1 217 201 120 56
41 244 1 1 225 202 120 47
41 327 2 2 327 287 189 107
41 328 2 1 257 253 153 88
41 340 3 1 557 278 237 145
41 353 2 1 302 292 214 117
41 353 2 1 231 247 206 98
41 365 3 1 527 290 201 133
41 367 2 1 273 262 268 157
41 399 2 1 331 285 205 107
41 407 3 1 541 282 232 144
41 420 2 1 304 282 218 129
41 436 2 1 307 264 260 140
41 467 2 2 269 223 307 189
41 490 2 1 355 276 207 112
41 508 2 1 300 283 240 130
41 527 2 1 318 248 267 148
41 540 2 1 344 258 216 119
41 544 3 1 529 290 237 142
41 564 2 1 327 279 201 125
41 574 3 1 593 275 217 131
41 586 3 1 622 277 189 115
41 656 3 1 591 284 205 117
41 762 3 1 483 259 304 195
41 1115 1 1 227 210 131 53
41 1364 3 1 448 284 293 163
41 1372 2 1 273 253 142 83
41 1374 2 1 296 274 219 131
41 1385 2 1 278 272 282 149
41 1443 3 1 484 268 317 176
41 1452 2 1 335 284 196 112
41 1490 3 1 585 276 220 130
41 1496 2 2 280 266 241 145
41 1597 3 1 561 274 211 137
41 1617 3 2 425 246 382 215
41 1623 2 1 350 244 225 147
41 1723 3 1 506 272 250 157
41 1815 3 1 512 286 231 140
41 1839 3 1 589 273 220 127
42 98 3 1 437 319 158 103
42 117 1 1 243 218 93 47
42 215 1 1 232 206 107 56
42 243 1 1 238 219 93 44
42 267 1 1 243 206 91 52
42 318 1 1 197 216 131 60
42 348 1 1 234 221 87 44
42 364 1 1 241 206 107 55
42 384 1 1 235 216 87 49
42 395 1 1 238 207 99 55
42 412 1 1 243 216 93 43
42 446 1 1 242 218 85 45
42 640 2 1 290 296 133 66
42 678 2 1 269 286 144 67
42 846 4 1 484 416 178 150
42 887 1 1 268 214 76 43
42 908 1 1 270 226 81 35
42 932 1 1 270 220 88 43
42 1032 2 1 349 307 137 86
42 1044 2 1 360 299 135 82
42 1044 3 1 425 328 149 99
42 1046 2 1 351 305 135 82
42 1070 1 1 285 240 94 57
42 1078 2 1 305 299 161 74
42 1090 1 1 286 239 85 59
42 1111 1 1 286 228 76 47
42 1123 2 1 346 298 143 88
42 1135 3 1 419 314 180 121
42 1141 1 1 279 223 90 57
42 1144 2 1 354 268 183 112
42 1157 1 1 274 220 103 66
42 1174 1 1 289 238 81 51
42 1180 3 1 422 328 164 109
42 1185 1 1 287 237 86 59
42 1195 3 1 453 316 156 100
42 1265 1 1 212 206 130 64
42 1285 1 1 257 219 87 44
42 1306 1 1 250 208 89 49
42 1321 1 1 242 205 106 56
42 1337 1 1 237 214 88 51
42 1357 1 1 236 206 107 58
42 1372 1 1 241 203 97 58
42 1386 1 1 253 214 90 43
42 1409 1 1 237 207 109 56
42 1429 1 1 234 213 89 55
42 1441 1 1 223 211 112 58
42 1459 3 1 536 335 94 100
42 1462 1 1 233 213 88 49
42 1488 3 1 535 330 91 108
42 1496 1 1 227 209 110 57
42 1511 3 1 526 327 95 115
42 1514 1 1 247 218 89 43
42 1529 4 1 520 400 131 146
42 1530 1 1 245 220 80 42
42 1547 4 1 519 391 141 158
42 1549 1 1 230 220 89 45
42 1566 4 1 530 390 131 143
42 1578 3 1 491 337 96 112
42 1596 1 1 226 207 112 58
42 1631 2 1 268 289 174 75
42 1775 4 1 493 399 203 164
42 1807 3 1 418 334 169 120
42 1811 1 1 261 214 79 44
42 1815 4 1 495 467 175 146
42 1833 1 1 270 217 71 40
42 1857 1 1 279 234 75 38
42 1873 1 1 270 221 77 37
42 1947 3 1 428 339 132 90
42 1966 2 1 350 293 148 98
42 1969 3 1 432 326 156 104
42 1986 3 1 410 330 158 109
42 1987 2 2 318 293 190 119
42 2001 3 1 425 317 173 114
42 2001 1 1 234 210 90 55
42 2001 1 1 212 198 134 65
42 2001 2 1 347 304 139 89
42 2001 2 2 299 273 198 128
42 2001 1 1 247 207 96 55
42 2001 1 1 229 209 94 58
43 16 2 1 239 277 222 102
43 177 4 1 467 420 245 196
43 195 4 1 465 427 198 182
43 214 4 1 491 423 186 163
43 229 4 1 477 436 219 167
43 245 4 1 467 435 193 150
43 381 3 1 571 320 85 99
43 401 3 1 568 318 88 105
43 415 3 1 555 325 92 110
43 447 3 1 616 320 85 99
43 460 3 1 588 321 87 98
43 478 3 1 560 319 85 104
43 497 3 1 597 317 87 111
43 541 3 1 482 306 240 119
43 549 4 1 461 432 220 136
43 564 3 1 559 317 175 87
43 574 4 1 457 430 235 141
43 593 3 1 529 309 185 102
43 596 4 2 407 386 355 201
43 631 3 1 534 297 220 121
43 642 4 2 439 465 246 130
43 658 3 1 562 314 175 93
43 803 4 1 503 383 246 149
43 807 3 1 522 318 186 92
43 843 4 1 530 396 225 134
43 860 4 1 433 436 258 155
43 916 3 1 582 294 212 112
43 933 1 1 275 223 103 71
43 954 1 1 265 227 132 81
43 977 1 1 273 222 93 65
43 999 1 1 260 212 112 79
43 1017 1 1 273 228 106 72
43 1032 1 1 260 215 117 70
43 1049 1 1 268 215 117 74
43 1117 2 1 306 306 184 92
43 1137 2 1 272 281 213 110
43 1268 4 1 473 377 258 263
43 1277 1 1 289 240 64 28
43 1290 4 1 504 452 190 149
43 1310 4 1 477 415 203 184
43 1467 3 1 581 317 94 118
43 1482 3 1 529 326 78 106
43 1503 3 1 544 321 90 105
43 1518 3 1 587 316 91 107
43 1545 3 1 558 311 92 126
43 1633 3 1 539 317 182 89
43 1639 4 1 465 410 239 141
43 1653 3 1 561 317 190 87
43 1659 4 1 500 407 217 133
43 1674 3 2 452 288 263 163
43 1682 4 1 460 390 266 161
43 1715 4 1 458 386 296 170
43 1763 4 1 531 398 194 129
43 1786 4 1 515 407 217 129
43 1820 4 1 499 402 233 148
43 1856 4 1 431 389 304 185
43 1889 3 1 541 287 242 129
43 1910 3 1 495 313 198 113
43 1934 4 1 502 411 235 137
43 1943 3 1 549 314 174 97
43 1959 3 1 571 305 178 93
43 1976 3 1 494 294 249 131
43 1983 4 1 525 395 209 134
43 1997 3 1 602 301 183 87
43 2001 2 1 258 243 173 100
44 506 2 1 658 263 68 91
44 537 2 1 663 267 73 94
44 552 2 1 648 265 73 72
44 696 2 1 598 265 125 53
44 715 2 1 554 256 130 56
44 747 2 1 588 257 128 64
44 765 2 1 541 249 161 69
44 784 2 1 539 251 123 56
44 966 2 1 559 254 133 56
44 1028 2 1 529 242 154 69
44 1797 2 1 592 259 153 71
44 1813 2 1 565 257 133 61
44 1836 2 1 566 254 131 63
44 1902 4 1 1037 203 67 36
45 80 3 1 178 128 40 34
45 119 3 1 180 126 38 39
45 140 2 1 596 240 193 130
45 150 2 1 577 245 134 95
45 179 3 1 179 126 39 37
45 182 4 1 1185 184 84 61
45 221 3 1 174 126 31 32
45 231 2 1 627 247 216 138
45 244 2 1 613 256 162 108
45 247 3 2 172 119 41 46
45 290 3 1 175 125 42 40
45 299 2 1 642 248 209 158
45 322 3 2 173 123 39 42
45 343 2 1 636 251 149 113
45 357 3 1 179 130 37 36
45 357 2 1 645 259 162 117
45 373 2 1 673 263 188 140
45 396 2 1 638 258 192 117
45 645 3 1 177 126 35 34
45 664 2 1 528 234 230 96
45 684 2 1 516 228 226 94
45 688 1 1 236 242 168 94
45 726 1 1 191 233 248 116
45 732 1 1 229 232 203 111
45 738 2 1 523 232 243 102
45 740 1 1 258 243 189 98
45 756 2 1 492 218 244 109
45 775 2 1 518 228 237 112
45 814 2 1 540 234 228 96
45 835 1 1 205 239 225 106
45 843 1 1 224 240 195 102
45 854 1 1 269 252 167 87
45 857 2 1 525 228 227 97
45 859 2 1 511 234 207 93
45 870 2 1 524 224 214 100
45 889 1 1 258 242 205 102
45 891 1 1 252 242 191 100
45 923 1 1 259 248 201 94
45 939 3 1 171 123 40 39
45 961 4 1 1181 173 95 79
45 1156 4 1 1176 176 94 74
45 1183 3 1 174 127 32 29
45 1197 3 1 171 123 43 37
45 1232 4 1 1183 182 87 59
45 1235 3 1 174 127 31 27
45 1239 2 1 620 253 159 117
45 1299 2 1 651 261 205 135
45 1315 2 1 618 256 194 127
45 1319 3 1 170 126 36 33
45 1331 2 1 637 258 155 114
45 1346 3 2 169 118 46 50
45 1714 3 1 180 128 35 32
45 1753 2 1 518 228 208 98
45 1775 2 1 510 236 225 97
45 1792 2 1 521 233 225 95
45 1810 1 1 225 235 172 107
45 1839 1 1 239 244 212 99
45 1843 1 1 233 237 218 108
45 1850 1 1 174 231 166 77
45 1863 2 1 542 237 232 94
45 1873 1 1 244 239 212 102
45 1879 2 1 518 218 217 110
45 1885 1 1 247 244 180 97
45 1894 2 1 546 227 203 98
45 1908 2 1 547 227 223 97
45 1910 1 1 266 234 215 111
45 1930 2 1 506 215 264 120
45 1952 2 1 539 225 224 104
45 1953 2 1 502 215 285 124
45 2001 4 1 1167 174 103 80
46 25 4 1 519 287 196 226
46 34 4 1 521 304 194 185
46 57 3 1 502 360 184 208
46 133 3 1 472 385 230 231
46 272 1 1 388 244 211 105
46 282 2 1 467 283 258 121
46 293 2 1 441 257 316 159
46 298 1 1 362 232 257 119
46 323 2 1 478 273 238 134
46 333 1 1 388 255 202 94
46 355 2 1 516 256 243 136
46 359 1 1 367 236 223 116
46 379 1 1 374 239 226 115
46 385 2 1 461 256 302 161
46 395 2 1 518 273 255 124
46 414 2 1 504 244 302 157
46 424 1 1 405 244 191 97
46 441 2 1 450 255 302 167
46 465 1 1 399 249 198 94
46 494 1 1 392 240 219 112
46 529 1 1 421 228 213 105
46 1112 4 1 675 313 181 175
46 1137 3 1 481 341 224 229
46 1155 1 1 425 273 113 130
46 1176 4 1 491 318 171 172
46 1316 1 1 364 253 197 98
46 1323 2 1 481 268 253 140
46 1334 1 1 347 245 238 116
46 1351 1 1 401 246 210 94
46 1355 2 1 462 273 278 149
46 1358 2 1 494 281 240 120
46 1364 1 1 390 243 199 100
46 1366 2 1 442 259 317 165
46 1401 1 1 375 239 216 112
46 1407 2 1 463 267 283 155
46 1418 1 1 359 252 213 111
46 1420 2 1 464 282 260 130
46 1436 2 1 487 255 265 140
46 1441 2 1 477 283 254 127
46 1450 1 1 349 242 238 114
46 1467 2 1 487 276 284 154
46 1487 2 1 514 256 261 138
46 1517 1 1 416 249 202 96
